4248
4999
5116
5152
5224
6187
6638
6997
7025
7070
7989
9339
10104
10510
10835
11056
11416
11597
11771
11909
12344
12464
13195
14017
14576
14817
15283
15406
16114
16331
16738
17033
17052
17062
18016
18077
18721
18941
19011
19071
19191
19239
19277
19287
19325
19369
19745
19868
19955
19974
20030
20142
20211
20288
20450
20598
20752
20949
20986
21078
21213
21288
21397
21402
21416
21427
21682
21735
21757
21893
21926
21939
21969
21981
21998
22030
22167
22271
22369
22371
22390
22411
22455
22469
22497
22594
22640
22806
22819
23039
23160
23258
23337
23370
23406
23436
23566
23667
23715
23732
23766
23780
23802
23829
23861
23925
23975
24054
24095
24193
24229
24258
24323
24458
24460
24532
24565
24582
24692
24735
24756
24823
25267
25275
25303
25397
25620
25999
26018
26094
26214
26269
26306
26347
26444
26591
26647
26925
27041
27157
27223
27534
28180
28658
28700
28799
29011
29245
29806
30092
30297
30357
30387
30640
30768
30814
31442
31515
32407
32676
32806
32853
32960
33015
33397
33486
33610
33642
33684
33700
33716
33750
33768
33845
33884
33931
33960
33975
34132
34174
34248
34326
34448
34502
34582
34617
34775
34810
34912
35199
35242
35253
35308
35371
35408
35455
35672
35717
35937
35976
35993
36009
36058
36077
36113
36190
36236
36289
36347
36395
36442
36574
36650
36683
36747
36898
36918
37022
37128
37196
37263
37317
37343
37355
37474
37485
37524
37597
37614
37719
37786
37945
38069
38140
38200
38293
38509
38595
38608
38766
38814
39162
39417
39535
39671
39679
39767
40072
40280
40675
40916
